1425
3794
347
3115
5105
1863
2090
5154
1807
3147
2780
4275
302
1587
3725
1874
3936
5004
3258
2794
2705
1768
2183
3135
1104
2998
1540
4861
4711
5015
4993
106
3552
4568
2449
2627
1173
4540
1751
2980
1657
4531
1225
1959
88
4179
3062
4024
3153
1062
789
600
2059
2972
3736
3163
5198
4504
2766
3879
4261
2501
3986
2555
1040
405
4410
2213
4173
903
4422
5059
4662
389
1760
4751
3796
4050
2745
1692
4341
2762
2292
1142
476
5256
3533
417
4502
1041
4296
3506
2770
2252
31
3810
1886
4442
5252
801
4573
3644
602
3978
3261
1591
2699
1800
4869
4672
3492
3180
2177
5012
3550
1881
5011
1825
1526
4255
2094
5051
1731
4865
2045
1763
2645
3159
175
1867
3189
3976
253
3019
1924
3515
3838
4623
4543
3450
3266
2777
600
185
1759
4151
2066
1512
718
3593
4996
2813
2614
697
1648
3887
1688
3521
1789
1863
131
4978
5068
4870
2739
1734
3127
548
1100
1640
3998
3594
3645
4598
3779
147
2719
5073
1659
3438
2636
625
221
5250
1323
1097
3880
3011
4618
411
4103
4749
4617
3913
3590
1326
389
1459
1874
717
3100
5100
4311
1487
3669
2060
862
1130
1876
1750
3796
3740
2375
3245
3733
2926
4342
1583
5166
3703
1222
4011
2422
581
1894
754
1135
1511
1442
2238
2229
3770
1308
510
4485
4205
1799
90
78
2903
1840
3102
1385
3443
1090
4346
1112
4660
671
1020
3105
1893
4259
4756
1702
895
252
2066
2406
922
4304
3863
4692
4840
3602
3148
3788
143
3238
3094
2274
4306
938
3659
2491
1256
2748
2831
659
2647
3851
2992
4541
2080
2490
213
2975
2743
2279
4610
2893
553
2443
2328
136
787
218
3152
158
2684
988
2432
1732
1926
62
3451
2411
2038
1025
3070
4685
4104
804
3196
155
3295
3410
2358
8
4917
1710
2901
4699
3382
4457
4063
3397
3903
1957
3556
1329
2945
5216
2289
4099
4506
4969
1252
1286
5222
3550
5200
3296
4355
3138
3451
1620
518
552
1628
178
1490
3757
4877
4872
2185
3682
3012
830
4867
538
1388
2554
4982
2905
623
4231
2616
1876
4745
2580
4654
4687
5105
3751
2568
3298
4599
3086
3850
197
2492
83
3955
1339
4183
882
4249
1165
940
3858
1703
2328
382
656
4462
1006
4887
1820
2110
3602
3629
1506
3032
3476
4486
4828
1516
3827
1884
4595
4025
4377
3906
1950
458
2059
2060
4708
3225
3000
2536
4928
4557
2919
326
3761
3925
4441
4809
5
2786
3180
1511
5046
626
5225
4616
1371
3795
1242
708
1790
4847
3842
3740
4534
643
542
3212
3868
2770
490
2767
2069
3409
2321
572
1304
1505
124
1309
3519
2532
2049
2535
3159
2016
1893
4530
5039
2363
4466
1571
1953
3050
4539
457
2921
5081
3669
1532
2594
4159
3527
3891
1539
590
4464
2843
1323
3816
3381
4842
1090
4658
2119
3477
644
3240
2749
426
346
1185
1225
1527
4235
507
1984
1899
4816
395
2659
2152
3782
928
786
63
1518
4478
2135
2842
3036
4744
1654
3354
4144
3002
1574
4788
212
3551
4442
5044
4737
410
1313
2942
145
2525
4069
4961
2148
698
1084
5159
1626
1098
5222
2373
4804
1327
4443
1810
813
67
5164
4185
2297
708
2944
2510
3488
2128
2296
2967
1766
2838
5137
1911
4591
3177
843
1482
3875
1155
1383
244
2253
575
1845
1799
1903
1030
3609
1944
325
2743
100
2623
3452
3044
5133
1682
4400
1399
3877
909
4237
2984
2048
3571
903
2119
4281
4779
3274
4892
4251
4755
209
838
524
1340
1096
3361
2513
649
847
2613
3272
3527
4885
2375
4437
4027
3003
2284
4164
1982
10
955
4781
914
2302
3032
4921
319
2666
3914
4302
2104
3980
4827
3444
4304
2930
5185
4953
3005
2540
2196
1274
2167
3799
4939
165
1544
1965
4329
2755
1204
26
1506
1346
1557
4539
1009
1876
1175
4151
148
3279
2101
4975
694
375
2648
621
4556
4881
2390
1494
898
3785
36
5065
3950
808
1773
3022
3563
2977
2276
5070
3551
3833
4351
4560
4937
268
2681
5086
2776
4782
4031
3470
4385
649
3319
3683
273
451
4406
1171
4237
3670
978
2157
4478
1979
4407
2784
4184
1426
2596
2477
4487
917
1007
3395
413
3688
2451
3189
2440
1224
629
1567
1874
3949
5251
2147
3628
4399
2546
1835
2811
2752
3993
1259
4732
3142
4043
2886
3796
609
106
2254
754
341
391
1168
4030
2842
3585
1212
4066
3443
2008
5168
1362
1229
2057
4990
370
4603
1568
2409
1326
4789
3668
800
1901
1682
2914
440
2291
2248
2694
3046
2590
2313
3442
1362
4383
997
1802
3191
4440
3038
3102
544
4267
4387
4763
4637
2961
1073
1016
4287
604
4685
4315
2505
1109
1971
2173
2628
4220
4095
4902
1552
378
2314
2142
4761
3312
3172
2695
1722
953
5025
1495
5220
4154
1000
3828
1085
1301
4844
114
1133
3499
4429
2866
3836
1143
4268
1207
4591
3105
851
885
3484
3166
2255
2215
448
169
4910
1398
1122
3905
2893
1085
2030
3121
4913
3115
4422
3727
3230
4783
1969
1629
2392
547
2772
1402
1754
2105
3735
1834
2218
1189
4228
4473
3405
3904
4643
2285
44
4993
161
2938
820
2191
29
4961
4534
3680
3431
1734
3205
4628
3364
4825
5175
878
197
900
2212
3933
1962
3658
4350
932
2874
1725
4836
1487
4011
4880
1222
3400
1788
1271
333
1818
202
4095
240
2861
572
2673
2231
3936
2241
1377
4042
2438
2277
224
341
4239
3883
3920
4399
727
387
3205
2214
3626
2827
2664
1768
3844
3163
1329
4890
3366
167
4358
969
739
1773
2429
4675
3242
3806
2687
4909
825
2912
5250
4292
1537
3140
2661
2264
3528
608
3706
1124
3435
340
2893
1249
3504
4222
881
840
3617
5239
1037
4356
983
3466
3001
4225
2014
431
3876
2067
2571
3097
329
4108
979
2990
342
3735
3598
3276
4860
1004
2844
1723
2253
1090
687
2363
1158
3533
1572
2196
2631
2555
404
4861
751
1647
4520
4627
3714
1833
2466
3272
683
2674
1004
253
1151
4603
3529
753
4835
343
1704
1830
1434
1620
3421
1820
5153
4994
4016
1754
1519
3649
1357
2270
38
619
868
2980
2452
2562
994
2363
5236
1227
2616
1130
5058
115
1111
4635
459
2816
435
1121
4436
3857
2169
3559
2821
928
55
4340
3805
1413
581
3843
1260
1449
793
3713
4011
1016
46
3218
2243
1891
4348
1271
1234
4687
648
921
1473
1083
1270
5137
4940
3440
3438
1731
4368
2722
814
2915
4135
623
728
4623
2072
749
2306
53
1765
2353
3271
3236
4244
1589
4507
4706
247
4383
370
1720
209
1640
828
4377
5080
3494
851
3418
958
893
1075
4321
1516
1031
3687
2816
1781
735
2097
2774
2316
111
5239
530
928
3716
5237
1175
2842
349
2124
2279
1217
2952
1398
1040
416
1477
4458
1375
2370
4762
4924
3114
535
2581
5158
2316
3317
1998
4319
4861
1337
4300
134
2265
2758
113
3441
342
4948
307
2621
907
2487
3248
1175
2903
4725
376
3506
1066
4366
3173
3408
4901
4982
3309
1188
3041
4535
249
1873
614
3777
2007
2107
1277
1348
290
848
266
5083
2697
1173
2312
5173
1577
4444
3869
1181
2692
4935
289
5093
3085
5190
4818
364
348
1829
4127
5083
3702
4741
3602
4937
1591
4108
1027
1109
4956
1293
935
1623
1695
2475
767
2500
1661
4636
3681
3582
4313
3970
3417
1368
3130
2205
961
3479
3263
5088
3304
1707
3800
1649
615
4619
4985
870
470
3911
1392
633
276
3087
3109
1043
4815
4770
421
3238
3094
3962
1950
482
4559
4308
2687
262
2529
692
92
5062
1628
3120
681
2243
2481
408
2341
2952
4319
3733
2813
3823
790
664
4095
347
177
4516
3585
2499
2449
4763
2981
1750
3814
4897
2012
313
4817
1332
117
415
4453
26
1886
904
434
4228
3856
3981
2703
640
2547
3494
1304
1384
3841
709
5128
1397
3209
1547
902
160
3297
3944
4285
4537
4258
3845
612
3603
4260
4293
3630
889
5197
3292
5117
3024
1244
2562
3664
3791
26
4968
4403
3868
4906
3501
7
2857
5049
137
2245
3088
3310
1273
2368
2310
5118
2208
5141
3348
1243
2741
4237
410
4
3324
3434
1248
5115
1840
4267
5141
779
3412
3751
427
1655
2986
2512
1446
2352
4757
4535
404
0
873
1942
4346
3081
1825
2437
3552
3795
644
3962
3799
3197
1367
4275
3054
3207
3284
2937
3214
1438
659
2869
2321
2873
4609
2996
5225
3337
1501
371
3337
2374
2313
2426
4683
3367
4091
2977
1132
4735
909
4159
2674
2276
3176
4956
4712
1202
2636
1896
1868
2523
4766
3417
138
4117
1155
106
2196
2656
4963
4762
4258
2019
1930
3683
4614
763
630
488
4726
1540
4647
1371
3816
2565
1069
2498
2995
2933
4395
4091
198
3903
1478
4823
1990
2634
4929
3415
4518
4634
2919
3519
623
4077
1944
5237
4068
1803
467
3536
3343
4342
4135
1129
877
4433
2856
3872
2108
1993
1933
1535
5124
3412
1100
1856
16
771
4499
3762
4633
2160
2023
4485
207
3196
4464
4275
4999
4160
1782
2312
2472
659
2669
3350
5092
267
1964
1171
2260
3126
2706
1354
508
3034
2439
5010
3033
1680
3514
2408
3069
280
1635
3276
2704
70
2294
1673
3458
4076
3985
672
3963
624
4022
3798
892
5215
4197
2380
2311
873
3735
2819
3907
916
2571
1682
1824
55
3318
4893
4821
4954
2912
2267
4252
5206
3940
1680
4024
1895
2352
2729
1748
345
497
1868
4788
3922
4248
1841
4795
1953
4660
3444
2097
1201
5126
3922
484
3187
3557
48
2111
1211
2315
333
387
226
2013
3639
1349
3593
339
2325
3938
836
4193
3468
3987
2412
4537
3524
4365
3167
939
433
4368
35
4355
4853
2450
1882
4129
4561
2322
414
4122
2709
640
105
1091
1218
3699
1430
3543
1607
1494
1707
4304
4709
4119
3583
2976
2454
1493
3143
2887
5089
3178
1212
3912
371
3095
2783
4160
4645
3198
2253
1324
3066
2358
2415
3512
799
3073
1798
2407
3796
3505
681
2475
1594
4264
4679
4048
4985
2564
1678
4817
485
2890
2699
84
5213
225
4244
4600
2651
1239
667
459
2826
2310
3972
3625
4612
4998
2
2378
2473
683
4853
4067
4176
4275
2857
3903
809
3763
2690
1294
624
132
606
579
4843
4079
4408
2236
4546
4303
1923
2114
583
5123
482
5195
4091
4970
1543
1306
4882
367
4601
3028
3870
1429
901
4679
5192
3592
5202
558
2952
550
366
2537
4629
4774
4001
3918
3819
5152
774
4402
5018
484
3568
3851
4683
4339
4386
4307
4706
3729
1305
3318
4386
2206
2740
4321
5026
1912
4107
2720
2462
4473
4485
1834
3217
2456
4980
1778
2351
496
151
2111
209
2947
5190
4892
2028
4318
3169
705
2018
4474
3251
1146
1422
733
4695
1191
1873
2773
3139
4336
1988
2367
140
5206
4823
5120
954
1144
4844
333
3255
5053
3280
2416
3915
4537
1476
1826
5242
2722
270
3235
3097
1693
3197
1762
2112
5070
4535
4479
3376
1266
816
3516
442
4868
3378
1396
754
2965
958
3238
1988
4238
396
646
2745
1100
2472
1957
3823
2743
5193
890
3664
2360
2652
5004
1400
1158
4225
4777
1652
4270
3035
2094
3880
384
2718
4634
3349
2904
2614
79
1885
3010
725
3858
4111
2426
558
1904
4397
4979
2022
2803
2081
3902
1777
2709
5060
5230
2228
1454
4242
4492
2776
2864
4876
4723
2241
2967
2369
4083
2274
3482
1836
2228
2083
5175
4654
1869
1049
3793
1590
3071
566
3671
1715
1571
1122
746
1543
2579
1428
528
1813
3433
3392
1431
2126
4861
3626
3723
3687
642
1948
4751
2098
3259
4668
1494
4356
459
4515
688
2758
4309
3587
4473
622
3937
4447
2166
1258
618
1922
2299
4051
56
3730
919
4918
1326
4642
2575
1969
560
2068
3295
3047
1478
4790
2145
1165
3275
2833
3923
1555
390
2366
2177
4328
1556
3571
328
1402
235
2628
195
4778
328
342
3666
1655
4984
983
2852
4773
3051
889
1790
3757
4907
3936
4922
2925
739
2815
3708
1130
5181
627
200
707
3427
5014
2109
2890
2384
1532
2410
1941
1874
818
3596
829
1801
418
4830
4080
535
1362
2579
185
40
2243
2338
8
4286
788
1138
3438
643
566
4145
3298
322
225
931
1935
985
2569
3876
2860
3388
1442
2917
4417
1860
2489
2468
2395
3079
5047
1808
3120
1261
4146
2356
289
4162
3494
3727
4034
4060
1843
2074
4382
1296
3005
1059
2281
317
4163
5141
2933
347
2028
1320
1435
3745
3788
3059
1567
2806
4867
3915
4067
2984
1013
3584
1116
4507
2054
5150
2537
3125
1967
889
4421
4200
1949
1444
3745
82
556
1420
430
2584
1969
1865
300
499
4924
1867
2533
3762
524
1342
716
1537
4927
1832
14
951
1725
2551
3304
2920
3440
2467
1862
4617
3139
350
4700
3695
998
4358
250
2967
965
5036
2695
5118
1645
5228
2850
1397
541
3566
2934
4696
4626
2176
4875
1093
4727
2921
4013
2137
130
5104
725
2497
4682
167
163
422
4525
4899
2618
4718
4677
55
3806
1064
4511
626
2461
4280
4192
4623
3718
3561
1541
3335
3882
238
226
1866
1603
4842
940
2328
2082
364
1723
2245
786
218
1886
3404
4937
1305
2687
2713
1597
1169
3340
3286
191
1502
2651
3138
4291
3420
443
2916
3658
670
4010
3
4740
4950
1560
1564
56
3283
3037
70
3502
4151
2703
2409
4684
132
4350
1023
529
2432
4309
5207
3163
930
2315
2196
4350
2758
4340
1978
2656
3092
1982
2139
2012
2770
2931
2068
795
711
1367
3525
4090
4070
5162
3517
3430
4255
3768
3960
657
2048
3909
3820
2978
966
5245
1299
2952
4327
3277
351
1390
4487
1718
2630
1999
3877
3927
2023
4588
36
290
2649
4106
195
908
2278
3678
3904
980
4335
694
4117
2126
2901
4311
2113
4200
2006
410
1447
1585
1028
677
2531
3659
1904
1150
2328
3927
4967
2364
4218
2358
1212
3641
2494
2718
2061
1140
3699
366
1835
1786
2492
3964
840
3833
2134
2074
4244
3581
3659
4500
3486
160
2901
133
1310
4457
4060
1019
1563
2248
2605
2003
5117
5099
4722
1148
982
2391
1515
2045
3405
4007
5237
4245
2583
2113
289
797
4922
3176
39
3151
3336
2941
2512
3875
1368
542
4894
2932
2019
1470
4163
1878
1311
2855
3027
1521
4474
4542
2794
2622
2519
2001
837
4330
4114
1127
5127
3007
3531
4395
900
1610
1306
2640
227
2674
3182
4349
348
4429
561
3740
1050
1101
565
3305
1850
5040
1817
3873
1632
4336
616
2469
2637
4731
2824
2506
1708
1098
1643
2608
1936
2949
4476
2163
366
1628
482
5200
800
272
2910
1850
1373
3476
4383
2451
2486
942
1066
4118
4506
1683
557
1885
384
2610
3620
2092
2936
4491
3928
4872
1411
2374
1005
1777
4002
715
947
4802
987
3086
622
1588
1304
5005
4040
3790
5175
5106
1878
4424
759
2435
279
371
5045
3899
1691
1951
3133
4847
1565
3772
1963
1798
4777
708
2514
466
252
2729
2780
875
4318
4084
5108
3100
1844
5026
2176
2950
3420
2164
128
3699
2535
4401
1569
4227
1095
3930
3044
1888
2444
5008
2915
1963
458
4657
1657
5196
2128
4438
813
1188
2492
5150
3516
3565
4918
435
1257
3080
2599
613
749
4362
4243
1546
2559
4566
218
346
424
2662
96
3339
3853
5040
1966
253
4978
4095
3919
534
4511
1153
426
2770
3946
4572
2433
5204
1622
5032
5045
1599
3364
4030
3146
666
3338
3364
240
3763
5255
336
1072
3078
118
3039
3331
5096
1104
1220
4858
357
1602
4512
3127
290
3054
4788
4722
4676
4562
4510
246
1897
3282
3392
1791
591
1498
2031
3582
723
1595
4654
3802
1713
2435
1103
779
2767
2324
4866
3125
3926
3348
222
4216
373
5011
3681
4277
3543
2161
4523
182
185
2657
1973
4
3384
3232
3586
4107
4827
2983
2651
510
4646
2983
1290
2156
49
126
4509
3975
2702
4731
2161
3075
4484
5070
2095
1998
1973
1360
1408
1387
4018
3382
1391
1372
1356
4978
221
154
1931
2101
664
547
5084
1182
1931
5133
1308
1182
3078
4011
5142
4467
1056
3596
4280
3151
336
995
3740
1745
1610
2500
4355
3002
3872
4939
1950
3321
5093
3109
164
500
2884
4476
1682
4816
3579
2219
5226
1399
200
5110
5095
1256
3449
4117
4408
3785
4340
2118
4758
693
3846
3855
2923
1688
3537
4101
5009
2600
1180
4402
3100
4064
3620
4011
3622
1170
972
3591
1797
1172
2671
1634
2428
862
493
806
3876
4834
2924
3376
4755
1512
1202
1648
3200
3967
491
2180
1309
899
1324
4410
4963
4172
3163
2556
84
4135
117
1882
4535
2788
3516
1705
3651
3238
1740
1497
2042
4664
4873
1539
147
45
3187
2575
4012
2906
4755
64
3805
821
3702
2738
4222
835
36
4306
4970
153
158
3475
2170
3675
5180
563
1655
890
1288
3697
4783
131
4464
4930
177
1621
2247
4189
3755
1745
3481
1530
1794
1925
4268
758
2760
4305
4293
1700
3686
4451
5175
598
2868
4326
389
3751
5216
1677
1418
3969
1037
5110
3641
1214
701
5117
145
4456
832
2855
728
2626
4780
4225
2613
2283
2500
1648
3983
928
69
3129
755
2166
2197
372
659
1383
1278
1306
95
2315
1158
2964
3529
1088
2823
2902
286
2883
499
243
4738
22
4468
2093
1533
1710
2969
4744
1866
3038
1843
1849
5204
3268
2222
5092
4652
3500
1140
3975
557
1526
909
3314
1842
2961
958
2129
586
686
1600
66
5194
38
1387
1469
1748
3584
183
2842
1365
2027
4692
539
37
1656
373
3917
4384
741
1862
4941
1496
2772
2997
3338
475
3183
4695
1061
3097
1037
356
3033
1075
971
3730
2051
4556
3142
4894
663
5169
3556
1202
4434
4440
804
3094
3566
773
4956
3249
2269
2470
216
4836
2173
2627
4273
2463
467
4539
2819
2728
4842
3790
429
1636
3088
3571
500
2979
3482
3284
3410
2658
2466
3442
4980
774
4215
4679
4023
455
1119
3467
33
3293
64
3534
4984
5017
2815
2545
2488
2400
305
2917
3264
2622
1230
3764
4829
3940
1790
2981
1340
4256
393
291
4258
4609
4970
3023
4292
59
460
4325
2580
524
1829
2306
284
4645
4079
2000
1015
3613
4145
4279
977
117
2013
548
4057
3031
2758
4625
2029
3151
4916
1029
1730
3856
3280
764
3144
2968
4317
4952
2720
889
2001
2232
4762
50
4232
519
3663
3119
4026
4640
2464
781
4417
491
3812
1145
4345
5069
3524
3231
68
5255
1058
2576
5247
4202
4772
3535
3896
2234
3652
5125
4467
2384
5176
2669
2903
3581
5017
899
2192
2223
1680
1351
1943
4720
2496
1030
3759
5248
4261
3827
5245
4547
373
4463
3491
5145
1968
1358
1349
4848
453
558
1974
371
2456
4877
3181
2215
518
115
3666
1426
694
351
116
2418
609
3875
2408
4099
1672
1624
3388
2045
829
1622
1160
2025
2208
2509
1615
2661
2296
3589
2261
4752
2436
184
1709
2182
299
117
2836
993
4955
2952
3411
306
1569
561
4405
2469
1413
2536
3742
1470
3386
4902
3495
336
1381
4338
2225
3677
2669
4486
2399
4333
4670
4108
1257
4197
3454
4093
4418
3151
1015
1799
2685
1812
2361
1833
4281
3002
3597
1993
4473
1725
1637
2710
1289
2247
1791
3514
5152
3688
1971
2294
2764
1383
1144
3249
4809
3826
2085
3969
1719
2328
511
4405
4141
2100
208
2392
5102
3805
4386
4317
4758
5251
998
789
2240
2789
3531
2135
447
244
4429
3211
856
4801
1203
407
3370
2516
4376
4317
4844
4115
2692
2955
957
2128
90
30
675
4476
4347
175
4469
87
192
1452
2104
3724
2815
2552
3968
1214
4991
4824
757
936
4459
3355
2680
2806
2415
1495
1663
4335
4450
1849
1206
4540
1879
1109
3758
968
513
2198
284
705
2878
1616
4429
435
4168
2368
1649
3130
1162
1634
3294
364
4990
717
3170
1375
2212
4061
4938
632
652
886
4401
2531
1224
2129
2728
1737
4327
2240
2442
1947
3856
842
1610
1995
3210
3259
5125
3600
4122
3161
3964
3082
3106
1104
3685
4546
4394
3365
5179
5046
3480
4322
1548
4704
421
3504
1183
4749
4972
3625
1438
2798
3695
2277
4793
1647
4764
3888
5248
3628
1020
3182
1452
4126
3515
5137
2643
2651
2473
2564
1667
695
856
2443
4627
1277
5175
552
5254
4889
3405
663
1658
1843
2940
421
2718
2446
4310
1936
45
4558
4347
1497
3426
2604
605
811
4483
2306
2603
120
3001
2687
1792
1598
3193
937
2150
2417
5055
4783
3080
1455
596
5248
1876
3315
2437
156
4479
2482
4714
3568
3207
2111
142
3040
2150
4625
88
3982
3974
2317
1411
4994
3915
3832
673
35
220
470
4819
3300
1925
157
3291
3802
2700
4956
3186
1922
1408
2643
232
3843
4754
375
1626
1646
4228
942
370
2172
3260
1010
1908
1145
4070
2582
1181
4290
2280
5228
1561
4206
4613
4080
1978
2056
3778
5164
3206
4414
1777
3438
2999
1273
3041
3853
2920
1240
4796
2518
3412
2798
3528
4549
3171
1569
1101
4352
601
3381
4322
2162
1557
3678
984
3535
4962
3990
2670
2910
3146
4447
318
116
463
3360
3969
2611
3828
3507
4357
1210
275
1856
501
3447
3425
1602
1769
3254
4212
62
159
511
2968
371
3275
2672
3590
687
4810
1478
5134
5128
822
4825
2458
4792
1406
1028
2269
4992
2239
1773
1590
1968
5220
4243
2799
959
2239
1753
1021
1626
2264
3989
1226
281
631
4816
196
183
264
4559
4540
1087
4126
1740
621
4761
1997
2118
4495
3464
3891
55
4660
3081
4298
2201
4041
1279
3954
4290
2134
189
3022
3360
4956
2881
2918
4381
2293
3182
3682
1575
4269
1778
2543
4118
509
3768
979
5004
1974
4098
5059
605
1922
3327
2806
705
4607
731
4995
1483
148
1987
4843
4332
4869
1731
3455
1904
4913
1879
2707
3925
2886
5250
2013
3395
2989
2992
2370
4191
1833
1399
4796
2983
4727
2345
3688
3304
2304
2653
4015
2452
3869
2828
1526
2708
4559
4982
3840
4214
831
1289
2109
3717
509
4123
1855
3498
1085
4225
1660
2146
366
1198
5129
4321
3543
3559
2367
589
183
1124
2269
3280
3952
3796
730
3253
2748
4570
1438
3579
5087
3547
1267
4824
1640
3122
2293
2726
1317
3953
4872
911
5151
4744
5233
2665
2273
2342
2482
1684
2695
4752
4964
1389
2518
436
3871
8
4234
51
3587
3291
2826
4854
2086
4467
1946
4379
1935
2491
2302
777
3403
1423
263
2606
4088
1765
4176
541
3449
1613
35
3156
2231
1781
2820
72
1789
1025
123
4604
3544
2177
3429
372
1386
117
3979
2549
1837
251
2555
4468
1675
2818
1816
4991
3811
5220
274
2003
804
4795
4387
2263
1318
1177
2335
2335
2202
1686
1682
4975
3863
5111
4575
4478
4456
3297
997
263
2776
3552
4731
4451
341
517
4185
4152
4966
3687
125
512
3225
4512
2775
3771
432
5110
849
1862
1538
1759
1579
4629
1612
897
3849
38
3422
4075
302
940
2369
4261
134
1938
4007
3547
833
3715
1976
186
4227
4429
4699
972
2943
5131
824
3020
1735
1590
4779
3315
961
361
3440
4039
4885
1604
2856
4415
2544
4453
3419
1906
362
1396
195
423
5111
1400
609
4080
571
50
4280
2742
4409
5104
504
887
664
4511
3430
853
4872
840
4892
3728
2444
1718
2885
4216
142
274
865
504
1670
288
155
751
1688
764
4059
1488
815
3081
4230
5224
2155
3963
81
2819
3216
2739
3673
2059
3579
2535
5015
5251
3482
2642
4210
2852
2145
4303
2584
3043
4591
2739
3795
250
3503
2596
1738
3546
420
5196
2741
2575
3901
2050
4623
1088
4790
3038
2375
2339
4801
2132
2333
3025
4774
1285
5105
889
330
2431
3933
4149
5170
1698
3627
2644
4294
4593
932
3942
4532
2901
1260
2403
4952
5111
2719
3712
2119
5094
793
1662
1968
3126
3916
713
4411
3763
1602
3969
937
4763
2089
849
1203
458
3493
240
4280
3654
3410
3554
1297
3898
5185
219
3751
2647
3931
612
1711
4725
2275
3680
2593
161
4393
975
3924
5223
4172
4861
4729
231
4939
674
690
2402
142
4970
798
3553
2494
1324
2193
1649
1543
687
3524
217
1299
5236
4170
2802
2886
1505
2963
2021
1708
1630
1986
5109
461
685
82
4628
1360
0
1773
730
4970
1799
4283
1434
2351
447
2312
3123
1134
578
3340
1661
5042
1480
3692
2670
2213
1397
4691
3922
2255
648
3001
1945
1333
3083
1315
1921
3084
2316
2652
2024
3344
905
2687
4923
1352
4999
2788
1714
4805
98
2604
4590
1578
1038
2002
3792
2435
664
1684
3919
540
4685
606
1101
2510
1149
3023
4822
2694
4903
1589
780
550
3504
445
1131
3245
2462
2845
2020
2560
191
1352
4139
1229
2583
2673
2893
3247
4357
1554
3015
3012
1388
4116
264
2537
1109
4315
5231
754
5132
5239
533
3378
4913
1664
593
2117
3737
2613
3905
3929
3966
2786
4386
519
4687
1249
2994
3014
2031
751
768
3419
4867
261
5185
719
4576
4386
701
4450
3596
1234
2570
3251
2898
3163
4596
606
5004
3243
4535
2940
0
2891
3459
4687
3369
1195
2444
142
1174
2440
2790
12
2701
1945
5217
2019
301
660
439
3897
1123
3009
1118
3249
142
456
3855
4375
2928
2360
2057
2928
5252
259
1585
3363
682
3257
2733
1085
440
265
1097
2369
1438
1056
3617
1740
944
4056
379
2067
1036
726
59
406
410
3914
4781
3338
1017
1581
236
239
1068
1822
2830
978
5079
4791
2063
261
4285
2388
2631
465
2672
218
2205
3617
4274
1813
4912
52
2539
4199
4945
2177
2856
4468
258
3101
19
4980
2568
1087
1544
4626
1294
1366
4159
3357
855
3186
4974
2714
3652
2388
2932
5085
5233
1177
1640
4888
457
3407
3829
144
4813
655
4613
4299
2984
3860
4021
294
4176
308
4920
212
902
3050
2797
985
978
2513
3700
3858
4902
602
3686
4877
1779
4554
3735
2237
1932
2307
2381
1487
2190
964
528
5175
4053
4549
211
2971
4085
4360
3183
4987
2152
722
5201
2358
2464
3643
959
1336
4245
4645
183
5253
3941
3919
2232
615
196
3841
1330
2386
4034
1858
1531
2829
378
971
5028
4463
73
2953
3421
1453
2903
3364
3811
4595
977
4770
673
4450
3385
857
3673
2069
4776
647
1912
4200
3717
2471
556
1721
4329
2088
3778
3935
3059
3548
2369
2360
471
532
3813
3374
3124
1594
2712
3329
1107
2613
1749
4492
3470
165
531
2216
40
1672
1158
3757
4143
943
4706
2442
3031
3226
1120
832
744
3489
3192
1215
3249
975
4590
343
2569
1272
2900
2904
3885
4649
1367
1326
4814
1126
2770
4855
2798
3157
2582
911
4100
2031
2582
1873
4485
3702
1933
5230
1161
4353
415
3638
70
5005
3209
1867
247
851
4772
3361
242
881
3915
4285
1235
1427
3882
3262
4584
434
4173
2654
1693
1497
3755
921
4427
430
121
4816
4783
536
3196
4081
4770
1147
691
4245
1226
4691
1576
1469
4800
233
496
777
889
3606
4039
4701
4040
2183
2098
476
2908
595
625
1306
1026
5232
864
5037
4996
3289
3089
4508
3664
3780
2724
4891
2441
4300
330
1983
4534
54
1988
165
3660
770
4866
1670
2181
934
1374
5089
1530
1227
365
1784
429
1230
791
168
3747
3880
3904
2153
2402
1370
1786
4843
413
1344
796
4175
1398
2785
3568
4286
2783
2404
5185
4964
3339
1301
4023
4097
1757
4389
623
2186
4847
1414
1582
3336
4523
229
231
1667
827
1246
481
468
2590
505
4643
3989
3290
2181
3017
43
4586
2944
4235
1895
3474
3001
5220
4459
1360
5071
615
949
1227
2198
4285
4978
1655
3744
1388
2482
4990
1097
2951
2323
830
1564
1054
3349
3746
3299
3392
2302
214
2370
3425
2916
4599
3387
1345
701
3200
1960
1650
3655
3386
5163
3376
5041
3649
3992
2266
3382
4317
5217
4933
5147
1523
5215
3238
4497
3256
601
1541
2698
2971
4194
4842
2312
2323
929
2241
265
2890
3891
3921
1018
3024
1267
802
1415
1
2296
4797
4318
1483
4472
4207
2234
3657
1416
1474
1656
2017
2243
3582
4988
1180
3167
1270
3503
4096
3511
2997
956
1372
888
1975
4396
2155
2005
5039
2156
3529
3807
444
5012
2249
3879
1988
649
37
2690
2305
2054
4934
5115
1012
84
3024
1510
3587
1863
4249
554
2047
363
1442
4022
3987
3597
5255
3769
4981
3526
2318
167
3280
3795
4047
4497
4444
4084
1929
719
109
1605
577
349
1689
3601
1860
4505
4692
851
5059
1482
443
472
4732
4430
4069
3958
2169
3021
2226
3715
3188
4735
2253
1205
3974
1439
4518
645
2159
4627
1479
2736
4976
2396
307
806
871
4228
1658
5159
4938
2101
373
4412
501
3670
3112
1899
1433
4567
356
3850
4044
1837
5055
1988
3277
4315
1861
4664
2912
3340
1370
1859
4965
1677
2665
578
5133
3551
4965
4813
4880
80
3968
124
3751
1050
1251
4412
359
1607
3004
3631
2673
2030
361
5178
315
2223
4584
2456
4791
696
4315
4498
1601
950
4305
705
4502
4012
260
4124
4093
4228
3476
1814
4507
4727
968
4866
305
3201
2468
2978
5231
2829
2898
288
5052
1452
2744
4586
1376
1029
3054
2205
1980
2101
2910
452
84
3171
3804
4177
1369
1251
5219
618
720
157
4713
253
3358
1923
3231
3331
3980
99
2848
3003
1551
4820
1559
2927
592
4613
5133
1800
685
2785
1480
769
698
26
4174
1296
1277
4135
1914
1226
3520
597
1479
1621
1748
3939
4180
471
4038
998
3474
332
561
5033
2487
381
3616
1590
2181
3529
4376
2889
4298
4302
2915
2442
340
3421
547
1483
4647
4068
1308
96
431
3057
4035
3839
2756
2044
4838
972
1604
141
5233
4091
5008
2819
424
1931
1091
4028
4048
4617
2300
1705
1802
2641
4354
1577
3352
2971
387
4660
2296
46
1687
1073
3886
4443
2345
2694
4643
3949
2835
3846
2011
2585
1408
1663
3744
1727
433
2534
314
2733
3467
1344
4602
1792
2922
1924
4763
2537
1327
1029
2584
3014
2103
440
1428
3676
3134
813
2368
5197
4660
3607
1752
38
12
4724
993
4931
1228
1307
1634
3923
2652
979
457
316
2131
4449
2081
3458
220
4665
443
1551
4333
1871
5228
1437
1912
1566
1376
1314
4401
2356
580
4413
1822
1573
3314
3050
2881
4948
1716
4761
5155
2173
4305
2029
592
1128
4715
813
5022
4386
1592
4097
999
1562
4763
2140
2356
881
2682
1499
2466
3263
